Paul_Gauguin_1.jpg,87.45502556626099,4608.2291570186935,0.05409970268461688,0.5050139452332657,
Paul_Gauguin_10.jpg,110.65005473748441,4919.082802985881,0.04604522369695624,0.5065516730826177,
Paul_Gauguin_100.jpg,124.50181114791194,5186.774983914821,0.03420956138976983,0.5064279783574668,
Paul_Gauguin_101.jpg,109.55175482668591,6111.538662302327,0.042928343452427055,0.5039946837747775,
Paul_Gauguin_102.jpg,172.43229193595644,7587.785170724371,0.0262382025367096,0.515242877824311,
Paul_Gauguin_103.jpg,110.48449764821284,3965.9639545893515,0.04521304689282028,0.5065517972110622,
Paul_Gauguin_104.jpg,123.2579412535541,7114.838610895402,0.02371254805690985,0.5060246270809795,
Paul_Gauguin_105.jpg,99.60385100004036,5722.540214630282,0.0457975741376606,0.5070894182491166,
Paul_Gauguin_106.jpg,57.99644985337745,2485.949883801511,0.02416210282821129,0.5070468593705917,
Paul_Gauguin_107.jpg,115.79982682554736,12652.114468695207,0.0308394314491087,0.5105169119971412,
Paul_Gauguin_108.jpg,85.91065535578412,9016.546032424982,0.03638036471880497,0.503951969358879,
Paul_Gauguin_109.jpg,125.85521140901132,7874.591015987854,0.055612128640765,0.503643381437431,
Paul_Gauguin_11.jpg,92.00423273089432,3441.3865187661127,0.03185452874807762,0.5084872799891166,
Paul_Gauguin_110.jpg,99.71986755678826,4430.172660045613,0.03259881329572695,0.5073703787316842,
Paul_Gauguin_111.jpg,93.10505629639542,4722.932681763254,0.06641453208194503,0.5049468430957785,
Paul_Gauguin_112.jpg,172.79397628140327,7160.100430360262,0.03806752767255376,0.5132328990228013,
Paul_Gauguin_113.jpg,114.8180088607104,6027.572780143012,0.046718100078837546,0.5036354118194509,
Paul_Gauguin_114.jpg,103.33445894779355,7609.598304032946,0.09060162911254589,0.5040948433021265,
Paul_Gauguin_115.jpg,89.17312849336456,3457.013150349626,0.0357923813845298,0.5082741608118657,
Paul_Gauguin_116.jpg,133.06971786867337,9980.3391746978,0.03275321357967182,0.5028222113641401,
Paul_Gauguin_117.jpg,85.75929182979074,5098.179357872734,0.04762808016666862,0.5063751386961799,
Paul_Gauguin_118.jpg,162.52063539359958,5679.591346795308,0.049792754355802986,0.5049999887133437,
Paul_Gauguin_119.jpg,92.05163478386005,3945.7392194273857,0.04976338970817536,0.505223374112989,
Paul_Gauguin_12.jpg,122.00250617361037,7750.354293211864,0.08308500068529136,0.5038204761852292,
Paul_Gauguin_120.jpg,98.61538257566242,4060.288225125811,0.027518687962596915,0.5070477769497221,
Paul_Gauguin_121.jpg,112.35982672631678,5197.729120943087,0.055724434087254394,0.5037292587436532,
Paul_Gauguin_122.jpg,129.95769388940747,6976.432713365809,0.0484184032365572,0.5046129174744712,
Paul_Gauguin_123.jpg,117.5473934879375,8511.488078681572,0.04213361763020533,0.5038694299890557,
Paul_Gauguin_124.jpg,81.20280605262396,5386.29464509501,0.042832675286555474,0.5049805233628408,
Paul_Gauguin_125.jpg,91.41297330758914,7982.433155643918,0.040625483609051695,0.5056290870144099,
Paul_Gauguin_126.jpg,87.34244825327887,5034.850067170394,0.03536802206449877,0.5085935749616531,
Paul_Gauguin_127.jpg,142.03937800160685,8587.289044028605,0.04240292659200167,0.5091238580738893,
Paul_Gauguin_128.jpg,96.9626310188022,4304.623635438707,0.03864511689964262,0.508376603132626,
Paul_Gauguin_129.jpg,117.63728403524826,5676.113567747587,0.045704671581346244,0.5047760402417946,
Paul_Gauguin_13.jpg,92.20948909435752,6797.905250147755,0.04056007158701612,0.5045246562351825,
Paul_Gauguin_130.jpg,151.12218130891122,7754.9777061892055,0.05335033763364162,0.5033022886726328,
Paul_Gauguin_131.jpg,155.85540004290004,2643.1106012422283,0.016253858107847727,0.5111368511368511,
Paul_Gauguin_132.jpg,139.57953056740735,6853.5358431272,0.04247548243008837,0.504385160037314,
Paul_Gauguin_133.jpg,143.11934189890215,14757.72610951373,0.08377047551113602,0.5086590662323561,
Paul_Gauguin_134.jpg,107.24783491029419,13837.279997570467,0.08336862588488325,0.5440687313651483,
Paul_Gauguin_135.jpg,142.98635404046632,7222.954067111743,0.026960012371278524,0.5054796640622544,
Paul_Gauguin_136.jpg,84.25981246547421,4140.152070395914,0.04105648200362456,0.5070480217917215,
Paul_Gauguin_137.jpg,98.01734146228199,4495.371870835882,0.044443604325680924,0.5054200362220291,
Paul_Gauguin_138.jpg,100.08115790965725,8765.341433997177,0.07225043532979544,0.5039740159168067,
Paul_Gauguin_139.jpg,161.04335042624783,7276.425790712741,0.0372924786974537,0.5071341417529375,
Paul_Gauguin_14.jpg,97.64216022140774,10471.648204009463,0.029628154050358173,0.5071897673722792,
Paul_Gauguin_140.jpg,86.85953355406359,8097.834856538427,0.05301544913299464,0.5067502835770563,
Paul_Gauguin_141.jpg,157.80239627807987,2398.7035874544626,0.021680903230435138,0.5122712191408092,
Paul_Gauguin_142.jpg,169.02683200178268,8247.191979534171,0.04263750158455107,0.5174609000364838,
Paul_Gauguin_143.jpg,168.7554656909943,10894.242470658057,0.05653962929031372,0.5105807497271969,
Paul_Gauguin_144.jpg,183.63996868702478,3251.555664740143,0.021592272740977435,0.5195651461298193,
Paul_Gauguin_145.jpg,115.6068003047607,11555.10137676726,0.04522154322064834,0.5060381375617552,
Paul_Gauguin_146.jpg,117.52605328305474,8069.403066751034,0.03348424226304142,0.5073324557571298,
Paul_Gauguin_147.jpg,69.1516757001499,5167.046803405346,0.030325997358685918,0.5097390180537789,
Paul_Gauguin_148.jpg,146.22022048183092,5294.7145312862285,0.016900345048185442,0.5087871369788627,
Paul_Gauguin_149.jpg,128.159342636137,3409.756841095753,0.051124699727766176,0.5058838520117527,
Paul_Gauguin_15.jpg,134.26372868365587,13549.975802052977,0.11037362265097869,0.5097799706201699,
Paul_Gauguin_150.jpg,107.36657015238735,5870.031426561903,0.0375801015860929,0.5069120919584394,
Paul_Gauguin_151.jpg,83.42892156862744,5778.598982153329,0.029609504504011196,0.5073175850144618,
Paul_Gauguin_152.jpg,152.3401323055899,7201.60549731599,0.059221925226821424,0.5038575480175222,
Paul_Gauguin_153.jpg,127.47779384184825,13503.632776997993,0.0680322942636326,0.5185927100086901,
Paul_Gauguin_154.jpg,98.06295934169772,5898.8497527575355,0.0323728566065534,0.5079400493464223,
Paul_Gauguin_155.jpg,92.72776228859567,5995.704824438635,0.03351413350737382,0.5078730285798414,
Paul_Gauguin_156.jpg,84.9074037894679,1922.742908511173,0.025140571425104643,0.5084882573109036,
Paul_Gauguin_157.jpg,100.35509133887817,10314.146469274576,0.051713179176093,0.5048192597181835,
Paul_Gauguin_158.jpg,192.42409373704322,5065.217745273822,0.02569296167428758,0.5259191708547487,
Paul_Gauguin_159.jpg,61.62054745985485,2276.3652712602025,0.024601883469349797,0.5094782559003371,
Paul_Gauguin_16.jpg,86.14705636702188,3682.850826440801,0.03455203524860567,0.5075291955920429,
Paul_Gauguin_160.jpg,130.22804019627824,9401.330851172239,0.052839228508805576,0.5040098731368112,
Paul_Gauguin_161.jpg,145.3995977059495,19448.115933348665,0.0517954287714333,0.52500348005234,
Paul_Gauguin_162.jpg,81.49267176588364,7365.032505330057,0.0643849036117698,0.5145672470579695,
Paul_Gauguin_163.jpg,92.01541272741717,4857.172616148169,0.03289675234575184,0.5047559892240913,
Paul_Gauguin_164.jpg,75.66847086915278,4973.296052487534,0.049255153290066314,0.5055520770584377,
Paul_Gauguin_165.jpg,119.2687929380718,6556.670503192812,0.043142495020692936,0.5031331707103315,
Paul_Gauguin_166.jpg,82.60483639926716,4948.165398837596,0.03377659477248654,0.506328077790698,
Paul_Gauguin_167.jpg,91.49336001944206,4512.093063638387,0.04090418959760206,0.5045333669830676,
Paul_Gauguin_168.jpg,119.01388556742121,4189.546811779674,0.03915648927157814,0.5050866559463434,
Paul_Gauguin_169.jpg,145.36283901937253,3899.270119039928,0.03157841506018242,0.5050620035430596,
Paul_Gauguin_17.jpg,103.38357864669919,4687.33743279451,0.04324492866900492,0.5044850221435297,
Paul_Gauguin_170.jpg,114.78524528268164,4940.3282614144,0.046013536196326144,0.5046190176181731,
Paul_Gauguin_171.jpg,95.89844584055729,6778.41613774039,0.031470858328362536,0.5058966089371936,
Paul_Gauguin_172.jpg,111.90230442295424,6928.782250834804,0.046218589901621046,0.5043895782371555,
Paul_Gauguin_173.jpg,141.86396444082519,5570.858228331015,0.045695551922212765,0.5067657437567861,
Paul_Gauguin_174.jpg,65.84377177139282,1754.956050630884,0.03195915843722866,0.5122721644280746,
Paul_Gauguin_175.jpg,122.34982069872267,6340.413380204312,0.03246245479043432,0.5043228985647815,
Paul_Gauguin_176.jpg,113.45607765544099,7290.578931904875,0.04877758148875739,0.5035635448353837,
Paul_Gauguin_177.jpg,119.93161981639494,4936.057093831331,0.05065888454305882,0.5055712327887705,
Paul_Gauguin_178.jpg,115.27121904456769,7155.3570059149215,0.053191539874069015,0.5241057602087131,
Paul_Gauguin_179.jpg,106.90606376227026,2339.4704778375344,0.02609362216453169,0.5057285205357676,
Paul_Gauguin_18.jpg,144.2190206028302,7410.441303541787,0.03048711032165013,0.5095364363205642,
Paul_Gauguin_180.jpg,138.58944871533922,6293.400781892049,0.07358639925596784,0.5059274974296346,
Paul_Gauguin_181.jpg,86.10877097866957,6931.6397527784,0.039141990016147266,0.5082070602293661,
Paul_Gauguin_182.jpg,103.15466710668109,4996.65017768647,0.028769437763167347,0.5085100011611492,
Paul_Gauguin_183.jpg,93.93102182539683,5743.986105446878,0.04158912746254185,0.5048139880952381,
Paul_Gauguin_184.jpg,91.02950973969051,3189.9174211022123,0.04075952740869847,0.5083447908880913,
Paul_Gauguin_185.jpg,100.35124972855591,9384.571973724876,0.02607837062506772,0.5091476655808903,
Paul_Gauguin_186.jpg,142.9529281308476,3489.4871620152144,0.027941835041269937,0.5081918358860628,
Paul_Gauguin_187.jpg,97.48438301935789,4130.888066393955,0.030616907944997784,0.5075125089203375,
Paul_Gauguin_188.jpg,133.30030634954684,7606.037564331941,0.04138326358841909,0.50444553189968,
Paul_Gauguin_189.jpg,96.84647758416936,8148.96642312539,0.025555421280148035,0.5085494455759222,
Paul_Gauguin_19.jpg,126.40003965864547,5244.802004021615,0.05181136671845497,0.5138103978197418,
Paul_Gauguin_190.jpg,106.77710675004991,13760.034250459414,0.039190886341095715,0.5048121787818433,
Paul_Gauguin_191.jpg,158.10369042045656,9426.709054877512,0.04628200515884506,0.5052657392545034,
Paul_Gauguin_192.jpg,107.03212333875088,10322.073390551706,0.03805256010516912,0.5046083158226399,
Paul_Gauguin_193.jpg,110.10899443101817,7968.6205896038255,0.047539821614511237,0.5098665545865294,
Paul_Gauguin_194.jpg,126.05885204244564,7538.624356062034,0.044109337557123596,0.5047343041451108,
Paul_Gauguin_195.jpg,143.45093854987203,10371.83715049763,0.07547455333762147,0.5093298564429246,
Paul_Gauguin_196.jpg,148.534380917531,7506.700337458517,0.06470962817680254,0.5100039391885272,
Paul_Gauguin_197.jpg,122.46595379220733,6372.721027029435,0.033725139412684665,0.5064935209412434,
Paul_Gauguin_198.jpg,142.5670299196358,3682.77742238644,0.05053940139627819,0.5054613710965502,
Paul_Gauguin_199.jpg,121.957134887538,6714.924983970332,0.038012534483222525,0.5055925549400517,
Paul_Gauguin_2.jpg,115.76984851347054,6499.600555080457,0.023029005880044414,0.5074290145475691,
Paul_Gauguin_20.jpg,120.64102521315036,4957.6797816541175,0.030000247822282684,0.5066437051672273,
Paul_Gauguin_200.jpg,87.68412631247298,5046.45496730744,0.049785961860586536,0.5059945119762015,
Paul_Gauguin_201.jpg,94.79881715231609,9849.17380626327,0.0505008851057746,0.5060181032145922,
Paul_Gauguin_202.jpg,111.34761359001315,4313.428596303783,0.04620394049795674,0.5065002958596878,
Paul_Gauguin_203.jpg,106.19329330858604,9439.6852550917,0.058122487313000265,0.5055155922069845,
Paul_Gauguin_204.jpg,131.12995898918442,6366.6913891344875,0.038201143650359884,0.5073062311127098,
Paul_Gauguin_205.jpg,126.17126138195073,4978.573061343252,0.04741178250421637,0.5066653972830657,
Paul_Gauguin_206.jpg,148.42399425769838,18813.14800043685,0.055224274800868785,0.5201064508546291,
Paul_Gauguin_207.jpg,106.60125068371254,3952.664485296534,0.03452918095597015,0.5075324032121563,
Paul_Gauguin_208.jpg,100.10303265177976,2592.8003405281606,0.04596404398924251,0.5063854767604621,
Paul_Gauguin_209.jpg,110.18211635903003,6648.456250271846,0.039382382279578035,0.5043894770177344,
Paul_Gauguin_21.jpg,129.72522038539392,4420.537782784707,0.03167169292372486,0.504833858087447,
Paul_Gauguin_210.jpg,134.27417593057996,8074.606529854789,0.03895028220601874,0.5066473881530705,
Paul_Gauguin_211.jpg,103.67367298678265,6088.433402163477,0.03600258159780491,0.5065558886871332,
Paul_Gauguin_212.jpg,103.76397650288266,4675.909577668876,0.0329616304431418,0.5079225352112676,
Paul_Gauguin_213.jpg,92.2713232707865,4924.461444306179,0.04379688691185822,0.5057821412732639,
Paul_Gauguin_214.jpg,105.80672954174787,8465.499123196685,0.032308604428781154,0.5080399692893389,
Paul_Gauguin_215.jpg,99.95011623663616,3548.2720544489534,0.030113647760310197,0.505941359067584,
Paul_Gauguin_216.jpg,133.71597629000013,8845.502198661245,0.07950808772749031,0.5061232193035188,
Paul_Gauguin_217.jpg,80.36176653071652,4751.996447812608,0.028332641946210924,0.5099749997718958,
Paul_Gauguin_218.jpg,178.97242782967254,9020.474764265891,0.04296074148222739,0.5291437998791704,
Paul_Gauguin_219.jpg,113.52895912649156,2733.708236659262,0.04212562181317683,0.5075823843203902,
Paul_Gauguin_22.jpg,147.19982873837267,5593.391734999602,0.03747380895431011,0.5065224934797452,
Paul_Gauguin_220.jpg,92.93618727861733,6875.4294136404105,0.03195364954587427,0.5068995745892739,
Paul_Gauguin_221.jpg,95.73120344068766,6934.010552023743,0.039812328235336654,0.5072256112486224,
Paul_Gauguin_222.jpg,63.3848615297282,2362.173385673368,0.02713703294221961,0.5069606822820225,
Paul_Gauguin_223.jpg,70.50428067875512,6802.07434715148,0.024085391515215535,0.5091254261170454,
Paul_Gauguin_224.jpg,132.4692417206449,7663.642120908333,0.05792520299201573,0.5037704017869344,
Paul_Gauguin_225.jpg,112.82711740024772,4392.603023029163,0.04169676377286681,0.5056757730018169,
Paul_Gauguin_226.jpg,180.7647244664305,7903.712756348857,0.050013293252689175,0.5050017641637143,
Paul_Gauguin_227.jpg,96.67051351225328,3882.216821831102,0.03320485346785666,0.5072751454918079,
Paul_Gauguin_228.jpg,135.46959649130363,22284.35919726856,0.043230256065130264,0.5156851046965931,
Paul_Gauguin_229.jpg,156.07516739051755,8119.626927260295,0.05221804514159469,0.504468648208469,
Paul_Gauguin_23.jpg,123.12850567697012,6758.723569166147,0.061069637741487576,0.5037420876385507,
Paul_Gauguin_230.jpg,111.26477691576007,9730.009549832728,0.050393712328096064,0.5055510968432316,
Paul_Gauguin_231.jpg,131.38490221419246,5478.846962608503,0.037699290273390536,0.5037243886463842,
Paul_Gauguin_232.jpg,104.951747476905,4191.403016026588,0.04195767840922806,0.5051162759651839,
Paul_Gauguin_233.jpg,90.78505682351836,7623.61784929567,0.06339629844000899,0.5036012578747622,
Paul_Gauguin_234.jpg,164.3879353019525,10561.692828505425,0.08852467851784598,0.5104543577373187,
Paul_Gauguin_235.jpg,103.57336342874218,7094.836539073949,0.03823773917218494,0.5073744423811658,
Paul_Gauguin_236.jpg,76.76909849038228,3627.4624768230033,0.02950621555680406,0.5064777615453291,
Paul_Gauguin_237.jpg,98.22740574402296,7974.166214619074,0.06793814521360696,0.5050970852157796,
Paul_Gauguin_238.jpg,160.23264005207926,2857.834937420573,0.040907182709412744,0.5065704911177794,
Paul_Gauguin_239.jpg,134.97591212018526,8340.440177446948,0.07305746057412286,0.5040251457567622,
Paul_Gauguin_24.jpg,131.3798669298024,5294.923131874618,0.03346072607178059,0.5058147078305643,
Paul_Gauguin_240.jpg,102.2076632229953,6148.863799266179,0.04695923887726706,0.5060585189870452,
Paul_Gauguin_241.jpg,133.85471074380166,9541.242575953256,0.08332908899023378,0.5072905003110282,
Paul_Gauguin_242.jpg,120.24170647131275,2789.3875321180203,0.03207273990937225,0.5081722908163923,
Paul_Gauguin_243.jpg,86.89391294904316,5223.13381995614,0.03986318259247596,0.5066567596529664,
Paul_Gauguin_244.jpg,159.6936061072862,7247.825515010083,0.056001069565416624,0.5061617781131127,
Paul_Gauguin_245.jpg,146.76459782257828,10804.485049305895,0.07836750311818304,0.5059072101417378,
Paul_Gauguin_246.jpg,146.09772764335972,10683.187566605444,0.025051301070490677,0.511478457093839,
Paul_Gauguin_247.jpg,140.365622737966,4105.772517221898,0.03285828424347707,0.5057602696344553,
Paul_Gauguin_248.jpg,106.53150342788695,5819.224097394116,0.06368403461567748,0.5041810026250733,
Paul_Gauguin_249.jpg,95.33492812314692,8421.176293073706,0.042525642128849246,0.5056293247036585,
Paul_Gauguin_25.jpg,107.85448369342178,2546.752269725394,0.03274696520006398,0.5074890425704054,
Paul_Gauguin_250.jpg,136.75415568651877,12430.94213884068,0.029016272428004624,0.5077216392761886,
Paul_Gauguin_251.jpg,90.85050425738586,7569.7282146654525,0.038214446163762655,0.5077634683498355,
Paul_Gauguin_252.jpg,87.61635557942796,5279.648454225829,0.05117491902945583,0.5065126896736941,
Paul_Gauguin_253.jpg,132.26514836162812,9797.96550655476,0.05408436832685358,0.5051020599496732,
Paul_Gauguin_254.jpg,165.7216768638992,9032.827782438626,0.044950800745088004,0.5083368830028914,
Paul_Gauguin_255.jpg,94.39071466108938,4753.51905572044,0.04799858926171394,0.50698665307733,
Paul_Gauguin_256.jpg,100.27612088334716,8574.504184771271,0.03524291483644116,0.5060583365382669,
Paul_Gauguin_257.jpg,111.21490343670781,9694.835738060992,0.08420083863277497,0.5031463098920781,
Paul_Gauguin_258.jpg,119.62120297466855,8779.992001665736,0.06373593678844472,0.5037700262452656,
Paul_Gauguin_259.jpg,103.13784383133451,7035.783997314713,0.043354735525323936,0.5062082997698966,
Paul_Gauguin_26.jpg,113.85142264539658,6428.97128358532,0.04446121839817616,0.5055708677858515,
Paul_Gauguin_260.jpg,97.27886712829505,5243.51069625589,0.025943044993272064,0.5050432405123481,
Paul_Gauguin_261.jpg,139.20010972055547,7471.772608819048,0.04541620240128246,0.5047271272644152,
Paul_Gauguin_262.jpg,106.32712955525133,9256.220136254793,0.04564027474149314,0.5049743363465969,
Paul_Gauguin_263.jpg,90.77226720647774,3411.4839723451273,0.03397345275660386,0.507390532206236,
Paul_Gauguin_264.jpg,148.34061448710418,5447.245000277618,0.03252908654527431,0.5086706359801356,
Paul_Gauguin_265.jpg,111.09677958015267,3727.4290905710895,0.030451576666636605,0.5075673240033927,
Paul_Gauguin_266.jpg,45.661577729496756,2754.016614631336,0.030369615413166226,0.5118956776712063,
Paul_Gauguin_267.jpg,103.3712422480233,7146.290008367162,0.03322204035412383,0.507075309357438,
Paul_Gauguin_268.jpg,134.32984107463815,7517.884051126285,0.06705826054461607,0.5043016008156487,
Paul_Gauguin_269.jpg,86.99108227839143,3554.6716254751127,0.02698293790716966,0.5067067413163168,
Paul_Gauguin_27.jpg,99.97107494542354,4855.081856557808,0.06723231171564933,0.5038826582717298,
Paul_Gauguin_270.jpg,85.28799853715029,5801.089711258287,0.04817424729207874,0.5048626208036192,
Paul_Gauguin_271.jpg,75.0902037089343,4423.881743915878,0.06048049475927492,0.5058463014521603,
Paul_Gauguin_272.jpg,103.57566133649196,3628.8246117861104,0.02833959195567823,0.5082185865166321,
Paul_Gauguin_273.jpg,106.47177746173021,3705.956151470483,0.03666526698343622,0.5064360101979958,
Paul_Gauguin_274.jpg,84.76092873219069,3883.3170789691476,0.04724491006640229,0.5065699693460838,
Paul_Gauguin_275.jpg,86.49967023156385,6801.9371937008455,0.026754393125085263,0.5107317615658363,
Paul_Gauguin_276.jpg,106.66145216717969,2153.9465029666285,0.0381797503811774,0.5073828524133459,
Paul_Gauguin_277.jpg,113.30418554973328,4561.781026703837,0.03165642993449572,0.5074794646650616,
Paul_Gauguin_278.jpg,140.78173330939495,7812.766581528424,0.06227875948015655,0.5050324023015038,
Paul_Gauguin_279.jpg,79.27617081666882,4991.821801289455,0.05431980256165945,0.5066055992775126,
Paul_Gauguin_28.jpg,83.51240261914833,3208.75831966714,0.016743925949442063,0.513677382966723,
Paul_Gauguin_280.jpg,121.77568018705989,6588.081255230617,0.0366384749280655,0.508709863444479,
Paul_Gauguin_281.jpg,60.43275671891659,4201.45667383257,0.04229643668017934,0.5070510916296496,
Paul_Gauguin_282.jpg,171.87950480287185,14823.176044268643,0.028717468712241512,0.5670311030760199,
Paul_Gauguin_283.jpg,139.5911673609579,6603.916105663375,0.04272363375192217,0.507150550890899,
Paul_Gauguin_284.jpg,97.5625819012318,7341.507249424255,0.028775656301480948,0.5068769504881588,
Paul_Gauguin_285.jpg,104.04963317332289,6634.160536694076,0.06296052552175892,0.5040691999840352,
Paul_Gauguin_286.jpg,106.06761216865172,5506.026249159428,0.04292360265180411,0.5040882179573863,
Paul_Gauguin_287.jpg,138.91985176590103,8566.824865676434,0.03912758548864461,0.5160012209158733,
Paul_Gauguin_288.jpg,181.63218208068662,10187.18509909641,0.0716550199381903,0.511269934358815,
Paul_Gauguin_289.jpg,72.72147147722598,2933.3409889443096,0.025497466759232996,0.5093436453247281,
Paul_Gauguin_29.jpg,55.76947231969247,2392.803725303985,0.04485945615220968,0.5071774994332713,
Paul_Gauguin_290.jpg,94.90910780487327,4671.965759176064,0.029465263912931867,0.5057382300867643,
Paul_Gauguin_291.jpg,122.7389780881753,8875.250276593611,0.04179861429145025,0.5069435808149898,
Paul_Gauguin_292.jpg,114.59679590409972,5688.529932036875,0.03158620495555078,0.5061749221178383,
Paul_Gauguin_293.jpg,90.15659704364059,5288.553612770996,0.021719132976594956,0.5097017448616111,
Paul_Gauguin_294.jpg,101.46040684402736,6963.784768651885,0.06059690579800313,0.5049437071751839,
Paul_Gauguin_295.jpg,100.76033549114199,5804.816281486857,0.0353380818350614,0.507567219633768,
Paul_Gauguin_296.jpg,104.73457665311756,5296.429713319121,0.046035233424093394,0.505065643115649,
Paul_Gauguin_297.jpg,168.22756778290722,9199.568779538442,0.041482581523107215,0.5051099185797941,
Paul_Gauguin_298.jpg,114.34509022182688,2686.583189837032,0.05270924667010526,0.5063354728886557,
Paul_Gauguin_299.jpg,108.21577674287106,4760.138454662426,0.050298577237678,0.5054188623530428,
Paul_Gauguin_3.jpg,112.30448829634119,7079.638551180432,0.03965082874374468,0.5057318889983082,
Paul_Gauguin_30.jpg,114.24463948960349,6910.232045116714,0.05391956054856562,0.5047563942429363,
Paul_Gauguin_300.jpg,98.38439157508913,11396.925599872513,0.10763387007223706,0.5106392703226339,
Paul_Gauguin_301.jpg,110.88502113189429,2965.9336431377633,0.030197209649546624,0.5063087348833727,
Paul_Gauguin_302.jpg,131.28041605120632,8645.383798230274,0.07723575260965201,0.5037694580161345,
Paul_Gauguin_303.jpg,85.48779891002113,1790.0440746248305,0.021763257119695494,0.5082802246691136,
Paul_Gauguin_304.jpg,118.4569021682332,7619.317700885712,0.046612963990719535,0.5053611016608075,
Paul_Gauguin_305.jpg,120.75623646994558,3096.2777009517304,0.020564163379054586,0.511597350076319,
Paul_Gauguin_306.jpg,114.00306447549423,9722.378080763823,0.03331936907113993,0.5051345849859652,
Paul_Gauguin_307.jpg,120.5619637427455,11433.158606354602,0.03877287255620184,0.5080767312037671,
Paul_Gauguin_308.jpg,65.14911596856687,2817.199690821995,0.030082704927706202,0.5111971943056168,
Paul_Gauguin_309.jpg,96.53667826663353,8637.308646959527,0.04632937384487357,0.5039191316596239,
Paul_Gauguin_31.jpg,190.89798123745598,9194.790116309096,0.022574812042028995,0.5250777317145395,
Paul_Gauguin_310.jpg,66.5180473187265,2578.6060796340453,0.025669601936889875,0.5115607127181041,
Paul_Gauguin_311.jpg,58.82939714045075,1722.1326667402586,0.031079402497401362,0.5117953869727135,
Paul_Gauguin_32.jpg,123.62408776320785,13242.503822079912,0.05797498490405104,0.5048227634434531,
Paul_Gauguin_33.jpg,114.54541085500838,9122.861476267106,0.04486665493136015,0.5028438774568805,
Paul_Gauguin_34.jpg,83.20065839628526,3197.762512257351,0.030988463209209442,0.5074791507843002,
Paul_Gauguin_35.jpg,113.91646978794657,3657.72683596486,0.03542719405513665,0.507057546145494,
Paul_Gauguin_36.jpg,83.54888483798025,2098.061937226184,0.03889061487488977,0.50720447459383,
Paul_Gauguin_37.jpg,94.33643277408642,9825.985410716561,0.03839974350027323,0.5044155076366655,
Paul_Gauguin_38.jpg,135.6404844504471,7587.596189447767,0.04725778085373609,0.504752478306542,
Paul_Gauguin_39.jpg,73.72769840094759,3684.9071310797713,0.029786765051384445,0.509037854111144,
Paul_Gauguin_4.jpg,96.59571917533384,6515.45727811202,0.05284014196652322,0.504620489856189,
Paul_Gauguin_40.jpg,143.13330867815029,8114.947664112784,0.04492863015932894,0.5041332991953876,
Paul_Gauguin_41.jpg,136.84074595027363,19623.677552935165,0.04884736819226305,0.523246855087246,
Paul_Gauguin_42.jpg,111.59663911293366,6184.1826897653655,0.05712531198915438,0.5049431785106755,
Paul_Gauguin_43.jpg,113.76546406867381,7287.163680400851,0.03804978693763779,0.5051369737488363,
Paul_Gauguin_44.jpg,55.28735229384566,5583.908445250481,0.030315670139097865,0.5124882923910584,
Paul_Gauguin_45.jpg,151.25324209488355,14690.759425769802,0.05253266552383173,0.5223553590817435,
Paul_Gauguin_46.jpg,148.58009381958786,20293.203165228224,0.052902385121498564,0.5194466029712491,
Paul_Gauguin_47.jpg,157.69803923197944,21185.304054576878,0.05856971548421196,0.538234837909105,
Paul_Gauguin_48.jpg,103.2332182984402,5949.642509499743,0.03793331101835197,0.5050761239219963,
Paul_Gauguin_49.jpg,96.15096288501861,7876.525267322575,0.04813807785699284,0.5057448141929793,
Paul_Gauguin_5.jpg,189.85202278148145,7484.660975581025,0.052469136992906604,0.5200989752297639,
Paul_Gauguin_50.jpg,104.42327576675191,7058.022532517317,0.051941886232141576,0.5061035199788851,
Paul_Gauguin_51.jpg,90.90715341788528,4800.37019983742,0.03727858977044002,0.5087208630766743,
Paul_Gauguin_52.jpg,85.21380813953489,3166.2603532188195,0.03806994624635904,0.5067726685459244,
Paul_Gauguin_53.jpg,106.32688119898987,15106.294172165051,0.07262877571495867,0.5107388158938135,
Paul_Gauguin_54.jpg,108.96401589440114,7606.121199087801,0.05116989329243446,0.5097151400424078,
Paul_Gauguin_55.jpg,73.34888488797439,5313.779016295326,0.04081305701016852,0.505644718792867,
Paul_Gauguin_56.jpg,100.15482422737118,6974.603900920714,0.03801346174956146,0.5047571019186216,
Paul_Gauguin_57.jpg,70.85202346101514,3191.962598953566,0.03127886573077075,0.5083357385340646,
Paul_Gauguin_58.jpg,118.85766129689384,13089.16393112957,0.055276035377680846,0.5030576741305695,
Paul_Gauguin_59.jpg,104.74391518170786,7260.16071010032,0.05339282138448444,0.5041118988311937,
Paul_Gauguin_6.jpg,147.30673859934853,13506.433074006221,0.08493937671286209,0.5059351248642779,
Paul_Gauguin_60.jpg,126.52752079205705,15155.91142501833,0.062793902451308,0.515287618791766,
Paul_Gauguin_61.jpg,128.87917877349142,8419.870900140077,0.0317512765924687,0.5076799834761031,
Paul_Gauguin_62.jpg,190.97463144475867,5745.465571690656,0.03422359225079363,0.5087676575364958,
Paul_Gauguin_63.jpg,153.21358113432134,22826.974733062267,0.039761297338177876,0.5304337530177039,
Paul_Gauguin_64.jpg,86.03294300630431,1360.439149596213,0.033778050358040865,0.5077523580044664,
Paul_Gauguin_65.jpg,154.79377241730398,6913.856983934974,0.061465328415787494,0.5059773025099638,
Paul_Gauguin_66.jpg,134.03525057488346,4414.039930431244,0.03199942507028571,0.504960305173332,
Paul_Gauguin_67.jpg,108.06490609825616,8982.509514960684,0.03552759573225195,0.5040091364855268,
Paul_Gauguin_68.jpg,147.8840233836722,3768.939419153575,0.025202948454358096,0.5098385781377429,
Paul_Gauguin_69.jpg,102.94847486860185,9270.949682817843,0.03598332253035447,0.5063681262190962,
Paul_Gauguin_7.jpg,111.44030643020871,7584.35820416186,0.042788208669692664,0.5049900470503076,
Paul_Gauguin_70.jpg,68.8926862026862,4470.434183172575,0.024567385707146547,0.5115004748338081,
Paul_Gauguin_71.jpg,99.49933437518088,3916.728488823481,0.0344722020039078,0.5052347731938756,
Paul_Gauguin_72.jpg,99.37986739762283,2953.3002287843656,0.031066297778808035,0.5091114175265171,
Paul_Gauguin_73.jpg,77.87213372946272,5723.757335578579,0.029941390589524334,0.5093877891923495,
Paul_Gauguin_74.jpg,92.68815108045429,7003.751669314055,0.035024481036834455,0.5068630306560838,
Paul_Gauguin_75.jpg,115.58458321612109,7027.884008307373,0.03090456316198655,0.5061727971530575,
Paul_Gauguin_76.jpg,141.88856253063273,5389.611701430446,0.0401711433407519,0.5059131425837724,
Paul_Gauguin_77.jpg,158.46188211324085,15200.967175032833,0.06448301422233595,0.5358122342335327,
Paul_Gauguin_78.jpg,175.4661221550982,5309.72204916942,0.029250094671800533,0.5066173362566517,
Paul_Gauguin_79.jpg,161.95053411530606,7250.301899840345,0.0877513548643015,0.5052390427815887,
Paul_Gauguin_8.jpg,97.40307443797725,4734.178603894398,0.05076371932712324,0.505544579128175,
Paul_Gauguin_80.jpg,116.35671854872456,6264.407027310389,0.025187600648084917,0.5071997637000631,
Paul_Gauguin_81.jpg,78.22900725679708,5646.422617404389,0.03742809270059341,0.5040692565621032,
Paul_Gauguin_82.jpg,145.47814556811105,9089.26150014177,0.03937619269852271,0.5164278653266937,
Paul_Gauguin_83.jpg,148.8149076857619,4368.5416768216855,0.022499579157236514,0.5098301120418872,
Paul_Gauguin_84.jpg,167.7276601520087,16311.555646464843,0.03408410738937254,0.5404562271283226,
Paul_Gauguin_85.jpg,84.86851849072086,2366.920243844862,0.029764681739764095,0.5091465397759398,
Paul_Gauguin_86.jpg,133.03469436742313,10416.016521808768,0.03324119671133833,0.5050867723728251,
Paul_Gauguin_87.jpg,115.92527480102149,8199.325635985291,0.03145204216622296,0.5079257873256332,
Paul_Gauguin_88.jpg,113.7635304557985,6117.557485949341,0.048445351339761605,0.5049252294097655,
Paul_Gauguin_89.jpg,84.11273924738158,5199.557961342413,0.04929669707434021,0.5049335988514396,
Paul_Gauguin_9.jpg,78.73287489443841,6370.87516648638,0.03412704911833608,0.5067603285844329,
Paul_Gauguin_90.jpg,155.86192307007707,8152.13831418075,0.029061989339137312,0.5094711735284171,
Paul_Gauguin_91.jpg,110.99142629030597,9998.089310455529,0.04815628683952718,0.505120874969953,
Paul_Gauguin_92.jpg,100.90170530876773,6938.737356353264,0.07645987797004473,0.5033899493629774,
Paul_Gauguin_93.jpg,162.90770015104573,7958.320631764995,0.039114158185963865,0.506803351073669,
Paul_Gauguin_94.jpg,120.38611937245275,8072.750750579403,0.0355302990782779,0.5065641136311013,
Paul_Gauguin_95.jpg,129.53126379028302,7732.5531321250955,0.044034417508850024,0.5059389296995745,
Paul_Gauguin_96.jpg,86.91610648645954,5259.526383207602,0.046052009661987255,0.5048659721381556,
Paul_Gauguin_97.jpg,111.94229299875337,4356.776335547284,0.028869414343188876,0.5056400048256726,
Paul_Gauguin_98.jpg,97.05230208045852,4313.038997945332,0.032541005093407925,0.5058454528474935,
Paul_Gauguin_99.jpg,131.23666174480127,10835.721138756096,0.05000924647142954,0.5040420819490586,
